[[[ 77  60  34]
  [ 98  80  56]
  [ 96  75  54]
  ...
  [ 97  29  20]
  [ 79  11   2]
  [ 78  10   1]]

 [[109  89  64]
  [134 114  89]
  [ 91  70  49]
  ...
  [ 96  26  18]
  [ 81  11   3]
  [ 86  16   8]]

 [[105  84  57]
  [ 88  66  42]
  [101  79  58]
  ...
  [ 92  17  11]
  [ 83  10   3]
  [ 91  18  11]]

 ...

 [[ 38  24  15]
  [ 40  26  17]
  [ 35  18  10]
  ...
  [ 26  15  13]
  [ 29  18  16]
  [ 24  13  11]]

 [[ 32  18   9]
  [ 39  25  16]
  [ 35  18  10]
  ...
  [ 29  18  16]
  [ 30  19  17]
  [ 19   8   6]]

 [[ 33  19  10]
  [ 50  36  27]
  [ 46  29  21]
  ...
  [ 40  29  27]
  [ 36  25  23]
  [ 21  10   8]]]